7
14
8
17
0
0
0
0
0
0
9
0
7
6
17
14
1
1
0
0
0
0
4
4
4
19
16
11
3
0
0
0
0
0
2
8
19
13
19
9
3
0
0
0
0
0
1
5
0
6
6
6
0
1
0
0
0
0
5
5
7
12
18
4
2
0
0
0
0
0
2
7
4
7
3
16
0
0
0
0
0
0
0
8
12
0
3
11
7
0
0
0
0
0
0
0
11
6
6
3
0
0
0
0
0
0
3
2
12
25
15
10
5
0
0
0
0
0
2
1
11
19
13
12
1
4
0
0
0
0
1
3
5
19
24
7
0
0
0
0
0
0
2
9
0
7
2
11
0
0
0
0
0
0
3
5
11
7
9
13
1
2
0
0
0
0
0
2
10
21
2
6
2
2
0
0
0
0
0
5
5
17
3
11
0
0
0
0
0
0
2
0
16
18
26
14
0
0
0
0
0
0
2
5
4
3
11
4
2
0
0
0
0
0
2
3
7
4
8
9
1
1
0
0
0
0
1
5
5
11
4
2
2
0
0
0
0
0
5
5
21
9
4
7
1
0
0
0
0
0
4
3
5
10
11
6
3
0
0
0
0
0
4
8
13
15
8
14
1
0
0
0
0
0
2
1
3
16
8
4
1
0
0
0
0
0
2
3
2
15
19
21
1
0
0
0
0
0
6
9
4
11
22
10
3
1
0
0
0
0
1
7
9
5
8
2
0
0
0
0
0
0
0
7
11
12
7
14
6
0
0
0
0
0
0
5
5
18
10
2
0
0
0
0
0
1
0
5
2
11
9
1
2
0
0
0
0
0
1
3
6
6
1
6
0
0
0
0
0
0
3
5
17
6
8
20
1
1
0
0
0
0
1
9
18
30
25
7
0
0
0
0
0
0
0
1
14
13
8
6
4
0
0
0
0
0
5
3
15
12
12
13
2
0
0
0
0
0
0
10
9
13
2
6
3
0
0
0
0
0
2
6
2
10
9
2
1
1
0
0
0
0
0
6
12
6
17
7
8
1
0
0
0
0
0
4
11
7
16
7
6
0
0
0
0
1
0
6
16
10
12
12
5
0
0
0
0
0
1
1
14
7
9
6
0
0
0
0
0
0
0
11
3
8
4
2
0
0
0
0
0
0
2
8
3
7
10
9
2
0
0
0
0
0
2
10
10
3
5
5
1
0
0
0
0
0
1
2
0
1
6
7
5
0
0
0
0
0
1
7
8
7
9
12
4
0
0
0
0
0
0
6
17
15
4
3
5
1
0
0
0
0
0
7
3
10
15
4
5
0
0
0
0
0
0
5
13
24
19
7
4
4
0
0
0
0
0
7
7
19
4
7
3
1
0
0
0
0
2
7
8
9
17
1
3
1
0
0
0
0
2
3
20
13
8
5
3
2
0
0
0
0
1
4
11
2
18
3
4
0
0
0
0
0
3
6
7
10
10
5
7
1
0
0
0
0
1
2
8
24
14
11
2
0
0
0
0
0
0
12
6
12
24
6
5
0
0
0
0
1
1
2
8
20
12
13
1
0
0
0
0
0
5
3
7
1
3
4
3
0
0
0
0
0
3
16
4
8
3
2
6
0
0
0
0
0
0
7
5
6
1
4
4
0
0
0
0
0
0
4
10
10
19
3
3
0
0
0
0
0
0
4
9
13
7
2
2
0
0
0
0
0
4
1
13
5
7
8
2
1
0
0
0
0
6
8
5
5
10
1
2
0
0
0
0
0
0
0
5
6
1
10
3
1
0
0
0
0
0
9
15
8
18
6
4
1
0
0
0
0
0
12
13
16
3
1
1
0
0
0
0
0
8
3
6
7
3
1
2
0
0
0
0
0
1
6
10
5
6
1
4
0
0
0
0
0
0
1
10
15
5
1
3
0
0
0
0
0
0
1
7
13
13
7
2
0
0
0
0
0
0
5
20
5
2
2
0
0
0
0
0
0
2
0
3
10
12
10
4
0
0
0
0
0
5
4
10
7
10
4
1
0
0
0
0
0
0
1
7
3
9
7
2
0
0
0
0
0
0
11
11
11
11
9
2
0
0
0
0
0
0
4
3
5
7
1
0
0
0
0
0
0
0
6
9
1
13
2
4
0
0
0
0
0
1
3
13
18
11
5
1
0
0
0
0
0
0
0
13
19
10
10
1
0
0
0
0
0
3
10
25
13
3
6
0
0
0
0
0
0
0
1
2
9
12
3
4
0
0
0
0
0
0
6
8
13
11
18
6
0
0
0
0
0
0
7
0
3
0
3
0
0
0
0
0
0
0
4
13
7
12
4
1
0
0
0
0
0
0
3
0
5
