122.40
108.00
138.30
18.20
70.90
67.60
54.50
93.00
9.30
30.70
87.40
137.10
138.60
110.80
20.50
81.40
96.60
43.20
38.00
75.50
86.30
136.10
100.50
92.20
72.90
136.00
76.90
84.60
64.30
20.50
29.50
42.90
86.10
60.50
123.60
89.90
63.40
129.90
86.10
84.10
83.30
85.70
34.80
54.40
89.10
105.40
154.90
77.00
129.20
88.30
116.90
96.00
56.30
24.20
52.10
143.50
108.90
121.70
165.60
93.50
153.90
111.30
90.50
62.00
37.10
27.40
25.70
111.50
63.10
57.60
107.50
75.60
105.40
149.00
101.60
67.60
42.70
55.00
117.70
48.50
47.40
67.40
91.70
61.70
102.30
154.40
60.90
101.30
39.50
108.20
105.00
71.70
40.80
61.20
175.30
157.40
122.50
137.60
90.80
76.40
68.70
27.70
41.20
93.30
75.20
32.00
53.80
127.90
62.80
39.80
56.10
126.10
111.80
41.80
28.70
41.90
101.30
120.20
63.30
139.80
93.80
28.50
89.40
39.70
39.50
44.20
25.90
63.20
55.80
64.30
69.60
141.90
128.60
125.60
52.40
56.80
32.10
89.20
57.80
68.10
64.50
122.70
145.40
83.40
140.00
115.70
105.60
75.20
97.10
81.60
28.80
83.90
101.40
116.70
80.30
129.80
81.70
116.20
70.90
61.60
67.30
68.80
68.20
50.30
47.10
63.20
112.00
115.90
117.00
93.60
106.40
70.20
89.30
109.80
52.60
47.80
78.40
73.60
90.80
76.10
115.90
120.20
93.90
83.10
90.00
26.10
108.40
90.30
113.40
102.80
29.20
147.80
150.20
95.80
67.90
49.20
107.80
15.30
61.10
39.50
0.70
124.20
66.30
135.10
94.10
121.70
89.90
68.10
76.50
46.90
48.20
81.90
55.00
143.30
147.10
111.40
145.70
165.10
90.70
89.50
82.60
35.30
28.10
42.90
65.50
70.90
113.10
169.40
147.50
105.20
129.30
85.40
68.80
35.60
101.70
88.50
110.90
141.70
155.70
126.40
82.90
131.80
143.60
62.60
111.80
7.50
35.50
100.80
135.30
65.50
62.90
152.00
176.40
117.90
52.00
156.10
45.10
97.30
92.90
46.20
136.10
102.30
95.20
73.10
147.10
106.70
102.60
46.30
73.30
48.50
18.00
127.10
116.90
84.30
89.20
172.50
127.80
95.00
137.90
66.80
54.70
35.80
119.20
80.30
68.30
162.90
131.40
153.80
155.70
85.80
76.70
39.70
75.60
50.70
47.00
21.00
22.60
94.20
121.50
57.50
123.50
132.40
33.60
58.50
42.20
66.00
62.20
97.80
60.10
60.60
124.20
91.70
136.50
133.40
110.90
111.10
58.30
61.50
64.30
74.80
80.50
106.40
159.40
104.70
120.20
142.60
58.70
41.90
41.30
99.50
16.80
93.80
87.70
113.20
121.60
68.50
99.90
96.10
31.40
40.90
76.40
37.30
68.50
57.90
52.40
33.80
96.80
142.40
184.50
55.90
132.00
21.50
73.80
38.70
70.50
34.30
26.20
75.80
75.10
127.60
117.60
84.30
84.20
96.20
74.00
61.20
82.80
54.60
54.00
119.00
175.20
128.90
76.90
169.90
116.00
100.00
45.90
55.80
57.50
36.30
139.30
131.20
95.40
77.30
107.50
39.80
26.70
94.40
74.50
77.90
36.40
55.40
43.80
122.60
115.40
216.60
53.10
73.80
58.50
47.30
71.20
98.50
69.20
123.20
122.10
86.10
98.80
130.50
254.70
190.90
55.90
59.20
68.70
45.20
61.20
39.60
99.80
104.90
123.60
92.80
194.70
106.60
99.50
139.90
34.30
125.50
73.80
61.40
34.80
86.90
140.40
108.80
189.30
115.80
124.80
192.50
128.10
86.40
59.20
84.50
88.60
141.80
183.50
119.90
163.50
143.00
119.80
108.00
54.60
71.70
89.20
36.40
38.20
72.70
121.50
49.20
91.10
177.90
92.50
77.00
67.70
58.00
74.00
107.30
48.70
170.00
94.20
120.20
149.60
150.00
134.60
145.60
53.80
47.30
64.70
91.80
50.30
133.10
186.70
158.60
84.10
160.40
89.60
118.00
60.80
89.70
29.90
47.00
58.20
108.00
126.50
189.30
165.80
82.10
77.10
67.90
119.90
44.70
78.70
25.60
92.90
42.90
83.60
230.90
114.60
96.00
150.00
86.10
103.00
75.30
93.60
43.40
131.10
136.30
87.90
236.30
186.20
133.90
92.80
44.30
2.20
54.70
38.20
82.70
46.70
94.30
91.00
127.80
196.60
182.70
20.50
73.80
108.10
41.80
68.30
46.80
77.30
137.80
59.30
116.10
156.80
160.40
99.90
105.50
75.20
40.20
64.30
41.30
25.40
46.80
133.50
143.00
85.90
121.90
66.40
114.50
93.20
46.40
55.10
50.00
68.40
121.40
115.70
148.10
146.80
155.60
85.40
88.70
22.70
40.30
66.80
65.20
24.20
160.90
98.60
170.50
62.90
133.30
54.70
175.40
128.00
117.20
89.00
74.30
130.90
179.80
111.50
199.70
157.00
89.50
90.70
88.70
36.60
10.40
47.10
29.10
68.60
162.70
104.10
151.50
193.70
155.90
80.50
139.30
51.00
56.00
82.50
38.30
66.50
134.70
247.80
235.50
116.10
86.60
46.90
134.50
37.30
82.10
9.50
74.40
141.10
181.30
113.60
187.20
120.80
202.00
60.50
133.00
80.60
35.00
70.90
69.30
63.80
114.30
211.70
90.10
186.90
142.10
90.20
81.50
74.60
26.80
51.80
35.50
34.30
147.20
173.10
110.40
122.70
67.10
69.90
94.00
146.50
57.40
15.00
54.80
110.90
70.20
68.70
176.50
156.30
148.90
10.80
125.70
35.50
105.70
38.20
74.90
77.00
133.10
156.10
182.30
194.40
123.60
50.60
188.40
37.00
39.80
55.70
43.50
78.00
96.50
245.50
113.30
94.20
104.00
142.60
131.80
62.60
52.70
13.00
156.10
107.90
97.30
177.00
128.80
128.70
143.90
249.90
146.20
58.00
66.70
42.40
79.90
88.80
73.60
130.30
55.60
90.40
183.00
199.40
191.10
143.30
43.60
134.00
53.80
108.20
126.40
135.70
93.80
117.00
136.30
55.70
120.90
46.00
32.60
56.20
103.80
57.50
120.80
157.60
189.90
120.40
105.50
146.80
115.10
94.70
74.80
31.80
57.90
126.80
112.10
77.20
207.70
123.20
226.60
114.50
123.90
75.60
45.90
46.50
51.40
53.10
38.10
99.70
64.20
179.70
241.70
74.90
206.00
89.40
33.60
99.80
25.10
85.70
140.70
108.90
140.90
210.10
164.90
133.50
154.10
63.00
30.90
33.80
54.70
49.50
139.30
113.90
110.40
232.10
44.50
118.60
70.80
59.20
51.90
33.10
85.20
58.70
49.10
142.90
170.50
107.50
67.20
175.10
151.90
110.40
49.70
41.00
32.30
75.90
86.60
101.00
108.40
96.80
105.30
214.90
144.80
50.80
31.40
105.00
75.90
79.30
116.50
182.30
160.70
170.00
139.20
202.80
93.90
77.00
86.50
89.40
53.00
74.20
143.80
156.20
151.30
274.20
156.70
160.70
158.30
83.50
42.60
77.70
28.20
87.50
145.60
144.90
182.40
140.40
79.70
140.30
95.30
65.20
29.70
54.00
78.80
88.10
71.10
122.10
160.20
150.30
170.30
161.10
94.90
55.20
70.20
63.30
56.80
54.60
44.40
93.80
143.80
119.60
198.90
53.30
72.60
31.40
87.40
89.80
39.60
53.90
111.80
125.60
120.00
146.60
152.30
104.20
92.60
77.00
61.60
87.20
38.80
121.20
94.40
126.40
138.30
153.20
194.20
117.30
121.90
71.10
80.70
95.40
58.40
89.20
141.80
141.80
152.60
107.70
93.20
110.70
112.10
93.20
54.20
74.00
69.00
70.00
91.80
183.60
204.60
165.20
194.80
153.90
107.70
58.60
58.60
12.40
104.80
118.00
128.60
70.40
146.60
89.80
219.00
96.90
116.90
66.70
7.40
81.00
101.40
77.10
60.00
179.80
120.20
133.40
117.80
135.50
131.40
45.00
68.80
39.80
66.80
119.40
77.20
163.80
216.40
101.70
113.70
143.10
86.50
72.00
39.00
21.00
140.20
93.80
101.20
92.90
117.00
64.50
94.00
139.30
60.10
32.40
115.20
60.00
61.00
114.20
83.60
117.00
128.60
241.00
162.10
100.30
74.40
93.30
71.70
48.80
74.60
132.80
111.60
86.50
123.30
157.60
98.40
65.10
27.50
84.00
53.60
65.70
42.90
86.40
148.90
133.70
165.20
164.90
189.80
123.80
89.00
65.00
60.60
27.20
36.60
184.20
114.80
182.40
116.40
159.20
302.40
127.00
109.20
67.30
131.20
58.60
68.40
93.80
88.20
128.00
156.70
189.60
187.00
