0
13
12
17
1
0
1
0
0
0
5
0
4
4
2
9
7
0
0
0
0
0
2
2
5
2
17
2
3
0
0
0
0
0
0
0
0
2
3
5
1
1
0
0
0
0
1
1
1
6
12
2
6
2
0
0
0
0
1
0
8
13
8
7
8
0
0
0
0
0
0
0
5
6
11
20
0
0
0
0
0
0
0
5
5
7
3
2
6
3
0
0
0
0
0
0
4
11
2
3
4
0
0
0
0
0
0
4
10
16
18
13
4
0
0
0
0
0
0
4
3
16
12
10
5
3
0
0
0
0
1
0
6
12
13
15
1
0
0
0
0
0
0
6
8
10
6
3
3
0
0
0
0
0
0
2
2
9
7
12
2
0
0
0
0
0
0
4
6
25
5
3
2
0
0
0
0
0
0
0
5
4
9
8
0
0
0
0
0
0
0
2
0
6
25
19
6
0
0
0
0
0
0
5
5
11
2
1
2
2
0
0
0
0
4
4
1
10
5
15
3
0
0
0
0
0
0
0
5
1
7
4
4
1
0
0
0
0
0
4
19
5
5
15
9
1
1
0
0
0
1
4
8
17
12
5
3
0
0
0
0
0
0
7
7
8
13
1
8
0
0
0
0
0
0
0
1
6
8
6
2
0
0
0
0
1
0
1
8
11
21
9
2
3
0
0
0
0
2
2
13
18
14
5
8
0
0
0
0
0
0
3
0
0
7
2
3
4
0
0
0
0
0
0
9
14
18
16
6
0
0
0
0
0
0
1
5
22
3
1
0
0
0
0
0
0
0
0
0
14
14
3
0
0
0
0
0
0
0
2
5
8
5
5
6
0
0
0
0
0
0
3
16
2
11
14
6
0
0
0
0
0
2
9
10
17
15
1
3
0
0
0
0
0
0
6
7
3
8
3
1
0
0
0
0
0
2
4
14
10
8
15
2
0
0
0
0
0
0
11
16
10
16
10
9
0
0
0
0
0
0
5
10
8
0
5
7
4
0
0
0
0
2
1
14
17
15
8
9
1
0
0
0
0
0
5
9
7
22
19
3
0
0
0
0
0
1
11
6
10
16
17
7
0
0
0
0
0
1
3
5
6
2
6
2
0
0
0
0
0
2
11
2
2
2
2
0
0
0
0
0
0
0
5
0
0
13
1
13
1
0
0
0
0
3
12
13
0
5
3
0
0
0
0
0
0
0
1
6
5
4
6
8
0
0
0
0
0
0
1
9
14
5
13
5
1
0
0
0
0
0
2
13
13
10
5
8
1
0
0
0
0
0
4
2
12
14
5
7
0
0
0
0
0
0
5
6
20
17
11
1
4
0
0
0
0
0
3
6
9
9
8
4
0
0
0
0
0
2
7
7
17
8
5
5
0
0
0
0
0
1
2
22
12
1
1
6
2
0
0
0
0
0
4
9
8
12
6
4
0
0
0
0
0
0
6
5
20
5
9
3
0
0
0
0
0
0
1
0
15
10
10
4
0
0
0
0
0
0
12
12
14
17
1
5
0
0
0
0
0
0
2
3
10
12
11
0
0
0
0
0
0
0
1
1
8
7
12
7
0
0
0
0
0
1
3
1
0
2
5
6
0
0
0
0
0
0
0
9
2
3
5
5
0
0
0
0
0
0
0
7
6
9
0
4
0
0
0
0
0
0
1
3
5
2
7
0
1
0
0
0
0
0
3
2
8
7
8
1
0
0
0
0
0
2
1
9
13
8
11
1
0
0
0
0
0
4
0
5
13
11
13
6
1
0
0
0
0
0
2
13
1
8
6
3
2
0
0
0
0
0
11
13
4
5
5
4
1
0
0
0
0
0
0
2
5
3
10
7
0
0
0
0
0
0
2
7
5
12
1
5
0
0
0
0
0
0
2
8
4
7
8
6
0
0
0
0
0
0
0
9
0
15
12
2
0
0
0
0
0
0
6
10
4
9
8
1
0
0
0
0
0
0
1
1
10
4
0
0
1
0
0
0
0
0
0
7
5
13
1
0
0
0
0
0
0
0
6
6
5
4
8
2
0
0
0
0
0
0
3
7
2
3
11
4
0
0
0
0
0
0
0
1
6
3
3
1
0
0
0
0
0
0
3
2
2
2
10
1
0
0
0
0
0
1
4
3
7
10
1
0
0
0
0
0
0
0
1
12
13
17
4
2
1
0
0
0
0
0
6
21
9
1
7
0
0
0
0
0
0
0
0
9
1
3
1
6
2
0
0
0
0
1
1
8
6
9
14
5
0
0
0
0
0
0
2
4
2
1
0
0
0
0
0
0
0
0
0
6
1
4
0
2
0
0
0
0
0
0
2
2
7
