13.10
29.70
52.60
135.70
134.70
122.70
175.20
67.10
163.80
119.70
77.80
31.30
4.80
26.80
59.50
72.10
131.50
184.70
201.80
122.80
89.60
96.00
73.00
40.40
19.20
19.90
34.00
96.50
86.70
74.50
229.80
141.20
123.10
122.40
67.90
35.60
7.30
15.50
33.00
102.40
120.80
185.00
181.00
78.80
130.20
131.30
78.00
37.40
5.30
21.30
50.50
115.80
112.80
155.50
111.80
162.80
94.90
82.90
43.60
32.50
22.60
25.10
29.20
62.10
165.00
216.60
239.70
144.60
86.70
98.00
75.90
27.10
7.30
12.10
58.80
127.30
116.80
129.10
139.20
65.60
122.60
89.60
59.10
38.10
15.30
14.50
36.60
59.30
102.60
124.60
136.20
121.90
228.50
90.90
64.20
21.30
4.40
42.80
43.90
89.70
163.60
115.30
213.90
73.40
127.00
103.80
109.30
25.70
13.90
27.60
48.50
74.00
115.60
216.00
157.70
132.30
105.70
73.50
63.60
40.20
13.20
38.00
55.90
114.30
113.70
148.60
153.60
104.40
121.50
75.10
69.60
18.40
13.40
16.70
47.50
58.70
184.50
139.70
95.10
104.10
69.40
100.50
72.20
24.00
12.40
24.50
46.10
100.40
97.60
151.90
114.80
176.70
152.00
118.70
50.50
42.70
7.90
16.20
60.50
86.50
64.20
119.10
100.90
91.10
122.20
109.50
61.70
27.90
11.30
33.90
50.20
88.50
121.10
170.30
150.30
104.20
80.50
138.20
29.40
36.70
13.70
37.30
59.30
105.90
110.70
171.00
139.40
109.70
149.70
114.90
59.90
30.30
14.10
14.80
51.90
103.70
146.80
221.90
132.80
228.00
172.40
144.90
55.70
41.50
9.70
28.90
40.10
107.80
147.60
271.50
119.50
119.50
75.40
106.00
86.40
41.20
9.00
15.40
54.70
91.20
136.70
135.60
220.40
149.30
89.40
79.10
73.40
29.20
29.30
20.80
60.10
86.10
179.10
216.30
129.80
216.20
153.90
128.60
52.40
50.00
24.30
21.90
42.90
79.00
135.10
232.00
159.90
85.40
100.70
96.90
53.30
22.70
12.90
39.40
42.10
84.10
153.10
76.70
103.70
116.70
106.10
102.20
87.20
42.40
11.30
19.40
60.80
111.10
162.30
127.90
129.60
123.90
115.10
112.70
68.70
25.00
22.20
8.10
44.80
79.80
139.30
174.10
109.80
106.30
111.20
112.10
73.10
32.00
10.50
17.90
88.70
91.30
162.50
219.40
239.50
197.90
99.00
115.30
84.70
16.20
14.60
19.40
65.30
58.90
149.90
162.00
188.90
103.60
124.20
52.50
46.80
20.80
11.20
34.60
56.80
39.50
147.20
192.00
150.70
75.50
95.30
103.60
67.60
40.00
25.10
18.50
57.20
105.20
153.00
143.00
141.30
136.60
89.60
108.20
69.50
49.60
17.10
41.50
35.10
98.10
115.20
171.40
236.60
133.90
101.70
121.90
67.60
37.70
9.50
43.10
62.10
68.00
85.80
174.60
129.60
159.90
120.60
123.20
63.30
30.40
28.20
22.00
38.50
72.90
115.60
117.60
152.30
86.30
123.40
87.80
61.60
34.70
9.40
25.70
30.20
95.70
183.70
109.80
147.90
91.30
141.00
77.90
59.00
39.60
18.00
37.10
83.20
81.00
94.70
170.20
165.90
174.40
114.40
90.50
43.10
19.40
17.60
24.80
38.00
70.70
93.60
150.00
163.20
110.80
95.80
104.80
50.00
35.20
16.40
27.00
38.50
95.00
138.30
92.70
109.10
180.20
112.90
88.80
59.20
28.70
22.00
14.90
62.10
84.30
194.10
155.00
121.40
146.70
192.00
74.00
58.40
29.50
18.30
22.80
36.50
89.30
120.10
139.60
184.70
121.00
98.30
37.40
70.30
20.50
11.70
27.80
77.90
77.20
149.50
143.80
166.70
134.40
111.70
82.50
58.80
23.10
7.70
13.10
60.70
94.40
119.80
104.70
184.90
117.70
158.30
87.00
47.40
40.90
10.10
12.50
71.80
72.00
181.80
123.40
230.80
126.00
74.30
82.40
54.50
46.00
23.60
10.60
40.80
90.70
152.10
178.60
181.30
146.30
126.00
123.60
93.40
28.40
11.30
14.80
39.60
69.00
112.10
108.90
164.60
150.30
121.30
83.80
58.90
40.50
11.20
16.60
60.90
77.70
141.20
135.30
114.80
109.10
138.50
68.20
72.80
26.70
13.20
16.20
44.40
124.20
107.60
132.70
190.90
163.10
160.80
135.80
83.10
40.80
15.50
30.10
90.70
103.40
106.30
164.70
223.00
103.70
117.30
103.90
61.40
38.80
9.20
14.80
30.10
81.80
111.90
158.00
129.50
159.00
165.10
102.10
58.90
50.30
21.60
36.50
64.90
73.60
158.70
196.80
112.60
102.50
180.60
109.80
37.10
29.90
12.90
19.50
65.60
108.60
156.40
172.60
131.90
84.60
83.50
83.70
65.50
31.10
8.40
16.10
62.20
91.30
105.10
117.70
122.70
96.20
93.10
105.60
41.30
48.70
17.90
23.70
36.40
52.90
157.60
216.10
131.60
93.90
53.30
81.00
81.00
18.20
8.00
14.20
42.70
74.60
136.50
108.80
136.30
89.70
91.20
70.60
59.80
22.90
11.50
22.30
51.20
108.50
110.40
221.40
150.30
132.50
115.60
97.00
40.70
18.90
4.00
18.50
23.20
70.40
98.50
75.20
168.10
138.90
88.50
51.10
53.50
10.50
9.00
26.40
27.60
75.30
137.40
134.70
123.50
72.60
179.30
68.90
94.40
21.50
5.20
32.40
54.30
95.30
111.60
142.90
130.30
138.20
150.80
132.00
78.20
38.10
21.70
27.10
92.40
80.10
155.20
135.60
148.40
107.80
130.10
114.00
67.30
20.20
15.70
24.50
73.40
81.00
80.60
176.30
118.30
116.30
138.80
152.10
58.20
33.50
10.60
33.70
57.60
98.80
151.90
159.20
145.30
126.90
96.60
90.20
43.60
20.70
7.50
17.80
42.50
100.70
136.40
209.30
189.30
146.10
156.10
130.20
56.40
48.60
12.80
20.70
46.30
84.10
152.40
162.50
88.20
133.40
112.80
115.60
46.20
31.30
18.70
33.90
43.20
68.10
164.50
144.00
149.20
133.90
122.10
132.40
49.70
30.50
6.90
14.40
47.90
74.40
105.00
233.10
236.10
137.80
123.70
51.20
88.00
26.40
12.50
10.10
25.00
82.50
128.20
155.70
123.80
85.80
89.60
114.60
46.70
35.60
17.70
15.30
53.50
101.80
151.40
251.90
138.20
144.00
144.20
124.30
77.80
29.70
13.70
24.80
87.00
105.20
125.80
155.70
183.80
165.80
132.60
103.60
80.50
29.30
28.00
11.80
43.00
55.60
112.40
200.30
117.20
94.20
75.60
124.40
56.80
56.60
40.90
44.60
50.60
70.30
92.50
172.40
129.30
131.80
202.10
109.30
71.60
11.20
27.80
22.10
33.90
74.40
170.30
199.60
202.80
82.80
86.40
63.10
84.40
57.70
20.50
34.10
66.50
111.40
148.40
206.10
110.90
124.70
154.70
89.20
59.80
31.80
12.60
29.80
68.40
85.60
118.70
223.20
152.30
87.90
109.20
91.70
92.10
59.20
16.30
40.90
84.90
121.10
158.70
186.20
138.60
94.90
122.60
71.40
55.70
24.20
31.20
22.00
72.00
122.70
120.10
170.00
196.40
129.30
115.80
89.20
99.70
41.40
11.30
42.10
69.60
104.60
147.40
148.80
109.80
169.00
174.80
124.20
105.80
51.60
23.80
38.20
46.90
119.20
111.80
125.20
136.50
137.10
194.90
136.70
62.30
32.50
23.80
23.70
70.50
87.70
128.30
169.70
135.00
110.10
100.20
90.30
71.10
49.30
14.90
34.20
52.00
88.80
180.90
253.40
140.50
146.30
106.20
50.40
77.70
35.00
15.60
29.30
49.60
118.40
111.80
182.50
121.40
78.80
118.00
93.40
56.70
36.90
26.10
29.80
42.40
135.60
151.90
222.10
95.30
133.10
153.80
76.50
69.30
29.60
17.50
34.10
47.80
88.70
120.00
235.50
239.80
115.00
122.40
105.80
57.20
32.90
28.30
38.50
80.30
102.70
110.50
196.90
71.60
163.20
84.40
140.40
82.10
36.80
32.10
27.60
48.60
82.70
163.50
163.90
141.70
64.40
120.90
108.20
78.60
29.00
12.80
22.10
44.30
72.00
108.50
227.70
152.80
105.60
90.70
99.70
71.60
48.50
22.50
28.70
60.10
114.50
169.80
140.80
112.40
92.40
98.10
60.60
46.00
34.00
7.90
11.70
41.30
96.30
103.20
119.00
68.00
99.60
170.00
60.00
69.40
39.30
13.20
13.70
40.60
101.50
132.40
120.20
91.50
118.90
124.00
38.50
57.30
27.10
25.40
34.60
