7.00
4.90
4.40
4.20
8.10
10.70
11.40
13.70
13.90
11.80
9.80
9.20
7.20
7.70
7.40
6.00
7.40
10.60
12.30
14.60
14.30
11.80
8.70
8.10
7.30
6.20
4.40
7.60
7.90
10.30
15.10
16.10
15.60
14.20
10.60
7.80
7.20
7.10
7.60
6.30
7.80
10.10
13.30
15.20
15.10
13.50
9.90
7.50
7.80
6.30
5.20
7.50
7.80
10.10
12.20
14.10
14.60
12.70
9.20
8.00
5.10
4.10
4.70
6.40
7.40
11.00
14.00
16.00
14.90
13.40
10.30
8.20
6.90
5.40
4.40
4.10
8.70
11.40
12.50
14.00
14.60
12.70
11.00
7.10
5.10
6.50
5.90
8.20
8.70
9.60
12.20
14.10
15.60
13.00
10.70
8.20
6.20
4.70
7.10
7.20
8.20
10.90
13.30
13.50
15.30
13.70
9.50
7.80
5.70
3.90
4.20
5.30
7.30
11.50
14.50
13.80
13.20
11.40
9.90
7.50
6.00
3.10
4.40
5.60
7.30
9.70
12.70
15.20
14.50
13.30
10.50
7.30
7.30
3.50
3.80
4.20
9.20
10.30
11.90
13.70
13.90
12.60
9.60
7.90
7.40
5.60
7.40
8.00
8.70
10.80
12.70
14.50
13.70
13.00
11.30
7.50
7.10
6.40
5.60
6.10
7.80
9.60
12.20
14.40
14.80
12.40
10.00
6.50
5.80
3.20
6.70
8.40
8.50
10.80
12.80
15.00
14.90
13.80
11.40
9.30
6.90
6.50
5.10
6.70
9.10
11.10
12.40
14.70
14.50
13.60
10.20
8.20
6.60
5.30
1.50
2.90
7.90
11.50
13.00
16.10
17.20
13.70
10.90
6.70
6.70
4.50
6.00
8.30
8.80
10.80
12.40
13.40
13.00
12.30
9.10
8.40
7.70
6.60
6.80
5.20
8.90
10.20
12.50
14.70
13.90
13.90
11.10
9.00
6.00
6.40
4.90
7.30
7.80
10.80
13.00
14.80
15.40
12.80
10.00
6.80
3.50
5.00
5.10
4.50
6.40
9.80
11.70
13.00
13.90
12.90
11.00
8.40
6.70
3.90
4.70
6.30
9.50
10.20
11.30
13.70
13.40
10.60
9.20
5.50
5.90
6.70
5.70
8.00
7.60
10.20
13.30
14.70
14.60
13.40
11.30
9.00
7.90
5.50
4.40
6.10
8.50
11.30
12.40
13.30
13.70
11.70
9.30
7.50
6.50
4.00
2.50
4.90
8.90
9.30
12.40
15.80
15.10
13.90
9.50
8.70
4.60
3.80
4.70
5.30
7.20
11.10
11.80
13.30
12.80
12.40
9.60
8.20
6.70
6.90
5.00
7.50
9.10
10.10
12.20
13.40
13.00
11.70
10.20
8.00
5.90
4.70
3.40
3.80
7.60
9.30
12.50
14.40
13.60
14.10
11.20
9.30
5.80
2.80
6.60
7.50
8.90
11.00
13.20
14.90
14.60
13.90
11.70
8.70
6.90
5.00
4.80
6.30
8.60
11.90
13.80
14.50
14.70
13.60
10.10
7.70
6.30
5.20
6.70
8.00
7.60
10.10
12.50
13.70
14.30
13.40
11.10
7.40
4.50
6.00
5.80
3.70
7.50
9.20
12.80
12.90
13.30
11.60
10.60
6.50
5.70
3.10
3.60
6.00
7.60
10.00
13.30
13.60
14.40
12.20
10.40
7.00
5.40
7.20
6.00
6.30
8.50
10.90
12.60
13.30
12.60
11.50
9.80
8.00
5.20
4.80
5.60
5.30
7.90
8.90
12.50
12.70
13.30
12.60
10.90
5.10
3.90
4.20
3.80
6.00
6.90
10.00
13.40
13.80
14.10
12.40
10.00
6.40
5.50
5.30
6.20
6.90
7.50
9.30
12.10
13.70
13.80
13.00
9.70
8.20
5.80
4.90
3.60
6.20
7.90
8.40
12.50
13.90
14.20
13.20
10.30
7.10
5.90
5.90
2.30
4.00
7.60
9.40
13.40
13.90
15.60
12.30
11.40
5.10
5.40
4.40
3.40
4.60
7.00
10.60
13.90
12.90
14.10
12.40
9.70
6.70
6.40
6.10
6.60
6.30
8.20
11.10
11.50
13.70
14.10
13.10
10.70
6.90
7.90
5.30
5.70
6.70
8.30
10.40
12.00
14.10
13.20
11.70
10.80
7.30
7.50
7.10
5.40
7.90
6.50
9.50
11.80
13.60
13.50
12.00
9.10
6.10
5.50
6.80
6.40
6.80
9.00
10.50
12.90
13.90
14.60
12.50
9.00
7.60
6.90
6.30
6.30
5.60
6.80
9.00
12.20
13.50
15.30
12.10
10.80
7.80
7.20
4.90
5.90
5.40
8.00
10.60
13.20
14.90
15.30
11.60
10.70
8.20
4.00
4.60
4.50
6.80
6.80
10.20
11.50
13.70
14.30
11.50
10.80
6.90
7.20
4.80
3.30
6.50
6.80
10.90
12.40
12.50
13.40
12.00
10.70
8.20
4.70
3.00
3.00
4.70
7.20
8.30
12.00
12.60
13.30
11.90
10.20
7.00
5.60
4.30
5.20
5.00
8.50
10.50
13.40
14.20
13.60
13.10
8.50
6.60
6.20
5.00
5.00
6.20
7.50
10.00
11.90
13.70
14.10
13.40
8.00
6.90
3.10
4.70
6.30
6.70
8.30
11.00
12.50
14.50
14.30
12.30
10.50
7.90
5.80
6.60
4.50
6.60
6.60
9.50
12.20
14.20
13.90
11.70
10.20
8.20
6.90
3.90
5.80
5.30
8.20
10.20
12.40
14.00
15.40
12.20
11.00
8.10
7.70
4.30
5.20
5.50
7.40
9.70
12.10
14.50
14.60
12.00
11.20
5.30
5.60
4.20
3.90
6.40
7.00
10.70
12.70
13.60
13.30
11.10
10.00
8.20
6.10
4.20
4.70
4.70
9.30
9.90
11.40
14.20
13.90
12.70
10.20
8.00
7.50
5.90
5.70
5.50
7.10
10.70
12.80
14.40
13.90
12.70
10.10
7.70
8.20
8.50
6.60
7.10
8.00
10.60
12.70
14.10
13.90
12.70
10.50
8.20
6.20
7.00
6.80
7.60
8.20
10.90
12.50
14.10
14.60
12.30
10.40
7.60
6.40
5.80
4.80
7.60
8.20
10.20
11.30
15.70
15.30
12.50
10.00
7.90
7.30
7.20
6.90
6.70
7.70
12.00
14.70
14.20
14.10
12.10
8.80
7.40
6.20
5.70
6.20
6.70
8.10
10.20
11.30
12.40
12.80
11.90
8.50
7.40
4.60
5.00
4.20
5.50
7.70
9.70
11.50
15.10
14.20
12.00
9.50
9.00
6.50
5.10
4.90
5.30
7.20
9.20
12.70
14.10
15.10
13.10
11.60
8.20
4.40
6.10
4.40
5.40
8.30
9.10
12.30
13.30
14.70
13.10
10.80
5.80
5.40
6.40
6.70
6.90
7.60
9.80
12.20
15.20
16.70
13.00
9.90
8.50
7.50
6.50
7.50
6.60
7.60
11.10
11.80
12.90
12.90
13.10
9.30
7.40
7.00
5.70
4.70
7.00
8.60
9.90
11.70
13.70
14.40
13.80
10.70
8.90
5.20
6.50
6.10
6.90
7.20
11.20
11.30
12.90
14.00
12.80
11.00
8.40
6.30
6.00
3.90
5.30
7.50
11.00
11.70
13.40
14.20
12.10
11.70
7.90
6.10
7.00
5.50
6.90
8.80
10.90
14.60
14.60
16.00
13.90
9.40
7.90
6.20
6.20
6.20
8.60
9.10
10.70
14.00
16.60
16.20
13.80
9.40
9.50
7.00
5.70
6.10
7.70
9.40
11.10
12.60
13.80
15.60
13.50
10.40
8.10
7.70
6.50
5.50
6.80
8.60
9.70
12.40
14.10
13.90
12.90
11.00
8.30
6.90
7.00
6.10
4.20
7.70
10.40
12.90
16.00
15.20
14.40
11.40
9.10
8.10
6.80
6.10
7.70
9.90
10.40
12.40
13.70
13.50
11.80
11.20
7.60
7.00
6.10
7.30
6.10
8.30
11.90
12.50
15.40
15.50
13.80
10.10
7.70
6.80
6.50
5.20
7.50
9.60
11.60
13.70
15.60
15.30
13.50
10.30
8.70
5.60
4.30
3.60
6.80
8.30
9.80
12.60
14.70
14.30
12.70
10.10
5.50
3.70
5.80
5.90
6.70
10.60
11.20
13.00
13.70
14.10
13.60
10.90
10.40
6.10
6.00
7.20
8.70
7.10
10.10
12.10
13.40
14.70
12.10
9.30
7.90
5.00
5.40
5.50
5.00
7.60
10.10
12.70
14.40
14.60
12.60
10.80
8.00
7.50
6.40
6.70
8.00
9.00
10.80
13.30
15.60
15.00
13.70
11.40
9.40
7.00
6.20
6.30
7.40
8.30
9.60
11.20
13.50
15.00
13.30
11.70
8.90
8.20
5.40
