83.80
35.20
43.50
9.50
68.90
80.90
80.90
108.00
124.60
44.70
14.20
134.60
33.00
100.90
2.10
43.90
66.80
133.70
40.00
54.00
48.70
86.00
134.60
34.90
41.30
57.60
89.90
62.40
26.90
47.60
50.20
43.50
14.00
71.50
92.50
14.20
17.40
70.00
9.60
54.80
47.40
32.70
21.60
17.00
45.40
45.00
28.30
49.20
147.60
17.10
48.60
11.40
102.40
22.90
80.50
6.30
32.00
95.80
90.90
140.90
88.00
112.30
60.60
65.40
55.50
21.40
99.90
148.80
4.30
71.00
39.00
62.40
101.20
102.30
89.10
104.50
47.50
60.50
26.90
86.50
22.20
58.60
87.50
30.20
54.70
66.90
17.60
0.50
1.50
47.80
26.70
57.90
71.40
29.30
70.60
81.50
97.30
143.90
35.30
31.30
64.40
17.90
40.80
100.30
49.70
14.40
59.80
107.30
36.50
71.20
55.80
40.60
99.30
55.70
16.10
72.80
6.60
18.00
107.00
158.20
33.50
106.70
81.00
55.00
25.60
46.60
57.30
57.70
84.20
31.60
48.00
69.00
45.20
61.30
11.40
64.50
42.70
92.50
3.10
26.60
104.30
34.70
38.60
26.30
102.30
161.30
51.20
27.40
16.10
85.60
29.60
33.30
52.90
55.10
49.50
42.40
41.40
53.50
13.10
5.50
30.40
18.60
42.30
39.60
56.20
63.30
86.10
102.60
52.50
38.60
45.50
19.90
30.50
48.10
64.70
70.00
59.50
46.70
85.70
10.60
142.20
70.20
44.20
26.10
58.30
94.40
38.30
22.60
116.50
106.60
19.60
123.30
65.00
50.10
46.00
176.60
78.20
89.30
41.00
56.30
33.70
30.70
10.30
49.80
47.90
111.10
22.30
35.20
65.20
93.00
43.00
17.90
87.30
63.80
79.80
46.50
118.00
24.60
28.40
27.00
65.10
60.10
8.50
10.00
20.60
64.30
155.90
78.20
35.30
7.70
138.60
40.00
46.90
40.10
39.00
68.70
90.80
67.20
20.40
125.20
37.20
66.40
108.00
93.80
55.00
80.90
18.80
18.00
84.30
85.70
20.80
180.80
70.00
50.40
9.80
47.00
51.50
94.10
40.80
27.90
122.50
46.60
91.60
95.50
39.10
15.60
34.50
24.00
76.30
51.10
42.50
55.40
71.90
78.40
65.00
38.30
30.30
43.70
55.00
69.10
5.10
56.50
118.40
38.20
66.40
42.20
78.10
177.80
51.00
82.80
36.70
54.00
22.80
130.00
96.70
15.00
14.00
26.90
33.20
89.00
81.90
83.10
9.90
17.50
69.00
13.70
45.00
98.90
74.50
91.40
36.50
23.30
109.70
41.60
68.40
51.30
0.00
34.50
19.60
57.50
53.90
81.20
32.90
60.50
71.00
55.60
125.60
25.90
14.10
54.70
94.80
55.50
48.20
158.00
86.50
78.60
81.20
122.00
3.80
73.40
75.20
35.50
19.00
51.50
24.70
2.00
47.90
127.40
186.00
117.00
73.10
53.80
48.40
42.80
63.60
55.40
65.90
104.90
170.00
128.10
72.80
70.00
46.50
0.60
118.10
16.50
44.70
39.00
38.00
52.40
75.90
32.70
96.40
87.00
7.50
27.50
49.50
46.40
2.80
41.40
91.20
82.00
14.20
55.20
40.30
19.40
41.10
91.60
71.60
46.80
57.70
44.50
52.30
49.10
35.80
144.90
25.00
13.90
26.60
60.10
41.10
39.70
49.80
17.30
34.90
15.80
52.70
28.70
90.40
69.20
3.50
62.90
35.00
39.20
65.60
120.10
33.10
105.20
41.10
75.00
95.50
44.20
106.10
23.80
93.60
54.00
30.20
34.40
79.90
29.90
106.70
79.10
54.20
59.00
82.60
51.50
18.10
157.00
11.10
20.00
69.80
81.60
134.60
39.10
62.40
60.40
37.50
41.40
56.30
62.90
55.80
120.70
28.30
121.60
73.20
81.90
84.20
63.90
67.60
60.90
41.50
119.50
38.30
59.10
52.70
35.60
8.90
71.00
40.00
146.20
51.90
49.90
36.10
40.00
114.60
43.80
97.60
41.20
18.60
136.80
22.00
124.70
18.30
66.00
46.30
49.30
115.40
17.90
84.70
25.90
53.80
48.10
29.00
91.70
94.60
66.30
36.40
63.80
37.90
22.80
22.70
48.10
45.10
71.40
120.60
31.40
13.70
17.90
47.90
70.10
56.70
58.90
33.90
58.30
28.80
33.60
27.50
146.80
108.90
32.40
2.70
35.40
62.40
45.10
64.20
102.60
36.40
82.50
31.80
92.40
35.00
71.30
36.60
32.40
14.90
53.40
48.20
72.90
26.10
32.60
24.90
12.90
33.70
35.80
8.80
47.90
20.30
12.70
67.10
162.40
125.20
51.50
89.50
79.50
120.00
63.80
33.00
42.20
99.50
6.20
133.50
16.30
40.30
63.80
78.10
83.50
55.00
62.30
40.20
31.40
39.70
68.10
55.60
31.20
10.40
40.30
144.00
81.00
57.20
86.90
45.70
93.80
28.60
19.10
67.50
23.40
50.20
55.80
147.90
47.70
65.00
81.60
9.60
29.80
87.80
45.60
68.20
53.50
95.80
53.40
44.70
22.00
35.30
92.30
43.90
77.80
34.50
19.90
53.20
151.80
67.40
37.60
131.60
89.70
41.70
68.70
20.50
31.20
90.00
47.60
74.70
85.80
69.70
96.00
70.00
56.20
21.10
36.00
99.20
97.10
15.00
40.70
19.70
86.20
54.50
21.90
86.80
100.50
31.50
40.20
1.10
57.70
32.70
14.90
59.20
67.80
69.40
128.70
59.10
64.70
43.60
47.30
40.50
58.40
137.10
43.90
67.50
17.70
50.50
41.50
105.80
124.10
5.70
41.00
74.50
85.80
36.90
31.30
128.70
19.00
51.40
89.90
80.20
14.10
44.30
69.80
63.00
35.10
77.20
33.80
39.20
32.30
142.10
71.60
36.20
116.60
44.50
45.70
27.70
39.70
40.50
89.90
67.70
17.30
57.30
24.50
10.70
32.70
87.40
56.60
73.10
27.80
22.80
37.80
42.60
41.30
103.50
52.50
150.70
139.80
136.90
13.70
26.20
16.10
54.00
14.60
18.10
51.60
74.40
35.10
78.00
105.40
41.70
76.20
66.10
7.10
76.40
78.20
9.80
59.90
60.70
84.90
10.60
97.00
19.80
35.10
45.30
26.20
40.60
59.60
120.80
46.70
49.20
113.30
65.20
97.10
4.10
18.30
63.90
70.10
79.40
55.00
18.00
105.90
90.50
50.90
95.80
67.40
89.30
40.70
30.80
74.80
14.80
24.50
59.10
104.40
61.70
64.70
118.00
133.00
65.40
28.90
26.00
62.60
9.40
21.70
6.20
92.10
60.80
88.80
84.60
85.70
67.00
73.20
47.60
40.60
21.90
15.10
79.80
23.90
63.40
67.30
23.20
9.00
95.00
25.60
25.90
49.80
103.90
17.20
130.00
21.70
57.10
95.50
60.90
124.30
12.60
75.60
122.00
9.90
89.40
16.40
28.60
83.00
108.80
50.10
60.50
129.10
32.10
47.20
75.40
55.60
49.20
6.40
116.90
112.80
82.60
43.00
100.20
21.90
68.80
20.30
172.00
57.40
31.40
36.10
46.90
85.10
137.50
144.50
177.00
60.60
76.10
103.30
75.60
37.60
29.40
78.90
62.50
31.30
162.30
33.40
16.40
79.20
143.10
29.80
46.20
81.90
23.00
55.90
21.60
19.70
183.20
110.80
105.40
52.50
23.50
27.90
36.50
35.70
51.10
65.70
9.90
11.70
46.40
77.80
83.80
80.00
29.60
42.30
77.70
36.60
36.00
44.10
85.70
53.10
140.60
30.40
36.10
27.10
32.10
69.00
52.50
31.00
48.00
60.70
24.50
67.10
131.60
68.40
65.20
15.00
30.80
67.20
17.50
109.40
17.20
34.30
117.00
57.60
82.90
94.50
105.50
66.60
86.10
73.80
7.00
139.90
136.60
161.10
32.60
49.10
37.40
51.20
68.00
101.70
29.50
100.20
73.90
101.80
22.00
86.80
81.60
111.10
62.40
76.20
49.00
71.70
41.40
24.70
38.60
37.70
102.60
143.80
22.00
23.30
49.50
168.10
86.00
73.40
47.30
47.20
22.50
48.70
21.20
47.20
113.70
38.50
45.90
61.40
21.10
65.70
38.40
17.00
7.00
39.00
38.30
55.00
38.10
44.10
39.10
64.30
75.80
36.40
15.40
12.90
184.90
52.50
147.40
101.40
94.00
89.20
83.10
127.20
108.30
79.60
23.60
78.70
23.90
70.20
23.50
32.90
39.00
49.60
184.00
44.90
120.90
180.50
168.10
43.10
42.60
95.20
57.40
30.40
110.00
19.70
93.10
113.00
35.20
73.00
35.30
47.50
14.10
70.80
19.30
42.90
92.50
38.70
38.00
65.70
125.90
115.40
