7.40
6.70
7.30
8.60
11.20
15.50
19.00
19.00
18.70
15.90
13.40
11.10
8.00
9.30
5.70
9.20
10.30
14.20
19.50
20.10
22.20
17.60
12.90
9.40
8.20
5.60
7.70
12.60
13.90
17.20
20.80
23.00
23.40
20.00
13.40
8.40
3.30
7.90
7.90
9.30
12.10
17.10
20.70
24.80
20.40
19.20
13.80
9.00
10.50
7.50
9.70
10.90
12.50
15.10
19.50
23.00
22.40
18.00
13.50
9.90
6.10
6.80
5.90
10.70
10.20
16.60
19.30
18.50
21.30
18.30
13.30
8.90
8.70
8.40
8.90
7.10
13.10
16.60
19.00
20.20
22.30
18.10
13.80
7.70
5.80
9.10
8.10
14.40
13.40
15.40
19.10
19.70
20.00
18.20
14.20
12.40
7.40
7.30
9.10
9.40
13.40
16.40
19.70
18.80
21.10
18.50
12.10
12.20
5.80
1.90
5.80
10.90
13.70
17.90
22.30
19.70
21.10
18.60
13.20
10.20
7.00
2.80
7.00
9.20
10.90
13.90
20.30
22.30
19.10
18.70
14.30
10.00
8.60
4.30
3.90
9.30
14.10
16.20
20.40
20.30
20.30
18.10
14.50
8.20
9.80
8.40
9.80
11.40
15.50
17.10
18.70
22.00
20.20
17.80
15.20
9.90
6.50
9.60
6.50
10.30
15.30
17.50
18.20
20.50
22.10
17.20
12.70
9.90
6.60
3.80
11.10
12.80
15.70
17.40
19.20
20.80
20.40
17.70
15.30
9.70
8.20
6.20
9.40
9.70
15.50
15.00
17.00
20.90
18.30
17.70
12.90
11.20
6.70
5.30
0.20
7.40
12.60
17.90
20.10
21.10
24.50
19.30
14.80
10.90
8.30
9.00
7.60
13.70
14.00
17.20
18.00
20.50
18.90
18.30
14.10
11.10
9.00
9.00
10.00
9.50
14.50
16.30
21.20
23.70
22.40
20.70
15.70
9.80
9.10
7.00
9.30
11.80
12.20
15.80
21.10
19.80
19.40
16.80
13.50
8.70
4.10
7.00
6.90
7.60
11.50
14.10
18.90
21.60
18.90
17.90
13.30
11.40
9.40
6.40
7.10
10.30
14.40
17.90
19.10
21.50
20.30
15.10
12.80
7.20
6.60
6.10
7.50
9.70
11.90
17.70
18.70
19.90
20.90
17.90
13.60
11.50
9.60
5.90
6.50
9.60
12.90
15.40
17.20
18.00
18.60
17.20
15.50
10.60
10.00
5.70
4.60
7.40
14.20
14.20
18.20
23.30
23.60
19.30
14.00
9.90
9.50
7.30
3.10
11.00
12.10
17.10
18.10
20.50
18.00
18.00
13.40
9.20
8.50
8.50
9.00
13.80
13.50
15.40
22.00
20.90
20.40
16.70
14.90
8.80
7.30
6.90
9.20
7.50
12.10
16.30
18.70
20.70
20.20
18.50
14.10
9.20
7.50
5.30
7.30
10.90
13.90
18.10
20.20
22.50
22.40
21.20
17.30
10.20
9.10
6.90
7.30
9.60
13.60
17.80
21.50
19.20
19.60
16.90
13.30
10.50
6.80
6.80
10.50
13.60
14.00
15.90
20.00
20.10
20.40
19.50
14.50
9.10
4.90
7.70
8.00
7.20
12.10
14.40
19.30
19.40
18.30
16.50
14.30
8.30
4.90
-0.20
2.20
9.60
12.50
15.00
19.30
19.70
18.40
17.40
14.40
11.30
5.20
5.80
7.50
7.50
12.60
17.40
18.10
20.80
20.60
20.00
12.90
11.00
6.60
6.70
5.70
9.90
13.10
16.20
19.10
18.20
19.90
16.20
14.40
7.90
8.60
5.40
8.40
10.60
10.70
16.10
20.10
19.90
19.70
18.20
14.10
8.40
9.70
7.40
9.10
11.00
12.40
14.70
19.80
21.90
20.40
17.60
14.00
8.70
7.40
7.80
4.50
10.40
12.70
14.50
19.70
19.80
19.70
17.70
15.60
9.10
5.70
8.50
3.90
7.10
13.10
15.50
19.50
22.30
20.80
17.30
16.70
9.30
6.40
7.30
6.70
7.70
10.90
18.00
21.30
19.80
20.40
19.20
14.40
11.50
6.70
7.20
8.00
8.80
12.00
17.00
16.70
23.00
20.10
20.10
15.90
10.40
8.90
6.60
7.40
11.20
12.60
14.30
16.00
20.60
20.60
16.30
14.10
10.30
8.60
7.50
8.00
11.00
11.90
16.10
20.10
20.60
21.90
19.00
13.20
10.20
8.80
9.20
8.80
9.30
12.70
15.90
18.70
19.30
20.20
16.00
11.30
10.20
11.30
10.00
7.30
8.10
13.00
15.10
21.20
22.90
24.50
18.00
14.10
10.10
8.10
8.90
7.60
8.80
13.00
17.00
23.30
25.00
24.60
17.50
13.70
9.50
4.40
5.50
8.40
10.50
11.70
16.10
17.30
21.10
19.90
17.00
15.10
9.70
8.90
6.60
5.90
10.90
10.20
16.90
18.60
19.60
19.80
18.50
15.70
12.00
6.90
3.40
4.10
8.20
12.40
14.30
19.00
21.80
19.10
18.00
15.10
10.60
9.00
5.40
9.40
8.50
14.00
17.30
18.40
19.20
20.60
18.80
12.90
9.20
9.10
8.20
6.40
11.20
12.50
15.60
17.90
20.70
22.60
19.40
12.40
11.30
3.30
5.80
8.20
10.50
14.20
17.50
20.60
21.60
20.30
19.40
13.70
11.00
7.80
10.00
4.90
10.50
11.70
14.70
19.70
26.70
23.80
17.60
14.40
10.70
9.10
7.30
6.80
8.30
14.40
15.60
20.70
23.90
23.20
17.90
15.00
11.00
8.40
3.90
5.50
9.20
13.20
15.80
17.40
21.10
18.70
19.40
14.30
7.50
9.50
6.80
1.60
9.40
10.00
15.60
20.30
21.20
17.60
16.80
15.00
11.40
9.90
3.30
7.70
7.90
15.70
15.50
17.90
21.40
21.30
18.50
13.50
9.40
8.00
8.60
8.50
10.50
12.90
17.70
19.90
18.40
19.70
17.60
14.20
9.50
10.60
9.70
10.00
11.80
11.30
19.50
21.20
25.00
22.70
19.40
15.30
9.90
7.90
10.10
11.10
12.80
14.00
19.30
18.10
24.00
24.00
18.70
15.60
10.10
7.10
6.50
5.90
12.10
12.60
16.60
16.40
22.00
22.80
20.40
13.50
10.00
7.10
5.70
9.10
11.60
13.40
19.90
22.40
21.00
19.80
17.20
11.60
11.10
6.70
9.50
7.50
10.90
13.80
16.60
20.90
20.40
20.30
16.90
12.10
7.80
9.10
8.70
6.70
11.50
12.70
15.50
20.00
24.20
20.70
16.70
14.10
13.00
9.90
8.40
10.10
10.50
14.70
17.40
20.20
24.40
26.70
18.10
17.00
11.20
4.80
6.40
6.40
8.10
13.90
14.40
20.70
23.00
22.00
18.60
15.40
9.60
5.40
5.20
10.40
12.60
14.70
17.10
18.70
22.50
23.80
18.80
14.40
11.80
9.00
8.10
11.30
12.10
11.90
19.20
18.50
20.30
21.70
19.20
14.20
9.90
9.20
9.20
8.90
11.20
14.00
17.50
19.30
24.00
21.20
20.20
14.80
10.90
8.60
8.40
10.20
12.00
12.20
16.90
20.20
21.00
21.90
19.40
14.00
10.20
8.60
6.40
8.50
8.70
12.50
18.20
20.00
22.20
21.50
17.90
16.70
11.30
7.10
9.20
10.60
12.00
14.70
16.50
19.10
21.00
22.20
19.80
14.20
12.10
8.20
7.80
8.10
13.10
15.40
16.70
21.90
22.10
24.30
20.60
13.80
11.60
8.70
8.70
8.70
10.80
14.20
18.10
21.10
20.90
22.50
19.80
14.10
11.10
9.10
9.60
7.90
11.20
13.90
16.70
21.00
22.20
22.20
20.70
16.60
10.10
8.50
7.30
6.70
9.30
14.00
17.60
22.60
26.80
21.50
21.50
16.50
12.10
9.30
10.50
9.30
11.80
17.90
17.00
20.20
19.60
21.20
18.90
14.90
11.20
8.40
10.30
10.00
10.70
13.30
18.60
19.60
21.60
20.40
17.70
14.10
10.60
7.10
6.40
7.90
12.00
15.20
17.50
20.90
20.80
21.10
19.00
15.70
11.40
6.10
4.70
6.90
10.80
15.10
17.00
22.10
22.00
20.50
18.40
14.50
8.60
2.80
6.90
9.90
11.90
18.60
17.50
19.20
21.00
20.40
19.70
16.90
12.80
9.80
9.50
8.30
13.90
11.80
17.40
17.70
20.50
20.90
18.10
13.30
10.00
8.70
6.90
6.30
6.50
12.30
16.00
19.20
25.50
22.00
18.90
16.10
10.10
10.00
8.80
9.30
12.80
15.00
17.40
21.40
23.90
19.80
20.80
16.10
11.40
9.10
8.50
7.80
11.00
15.80
16.10
20.30
21.20
20.50
17.90
15.30
12.90
13.20
9.20
