30.50
75.60
76.60
134.60
97.00
152.40
180.80
130.70
147.20
94.80
109.50
63.50
46.10
48.00
58.60
141.20
107.10
103.80
227.40
134.50
173.60
127.60
108.30
49.50
55.90
91.50
95.30
178.20
163.70
159.80
196.90
229.10
244.30
162.60
85.90
70.70
44.80
55.60
118.50
112.30
118.90
211.20
198.30
270.60
180.60
140.90
84.30
26.10
37.90
52.70
56.50
132.60
142.30
192.70
180.60
256.60
193.60
149.00
93.10
59.00
63.40
35.10
90.40
70.00
145.00
167.90
153.50
125.20
185.40
91.00
106.40
42.00
53.30
40.30
58.40
101.40
102.30
199.20
184.00
126.10
202.40
152.60
82.80
52.60
48.10
45.10
54.10
163.10
217.60
143.20
197.40
150.50
128.50
104.90
101.20
73.60
62.10
43.40
87.20
80.00
176.90
194.20
217.50
124.10
170.80
140.90
108.10
44.40
48.80
87.10
17.90
121.60
126.70
198.80
280.40
166.80
207.10
183.60
65.40
70.50
47.70
40.30
84.00
95.30
108.30
137.80
201.10
209.50
178.60
108.20
103.40
46.50
45.00
51.40
52.80
66.60
196.90
201.70
236.60
168.70
129.70
131.00
93.40
63.20
36.20
45.50
94.40
149.60
161.10
234.90
171.70
189.40
147.80
134.40
110.00
75.40
43.20
45.00
68.70
146.70
156.20
218.00
148.00
94.70
182.10
143.90
77.50
35.90
53.70
65.50
76.80
147.20
203.30
157.60
174.70
146.90
147.90
68.90
84.50
24.60
37.30
49.50
72.60
110.50
193.80
165.00
137.40
184.60
117.70
102.40
65.00
39.90
69.10
47.60
27.20
78.40
136.10
138.00
174.90
173.60
274.70
136.40
97.10
74.10
35.90
43.90
86.50
166.90
193.70
273.20
163.10
188.00
125.90
146.60
100.60
59.70
78.10
52.50
114.40
130.20
167.40
224.70
259.80
246.90
196.70
137.20
100.00
59.00
62.80
41.60
61.80
118.80
164.00
178.10
244.60
167.40
169.40
114.40
95.70
51.90
66.70
46.00
57.50
77.40
196.20
148.10
225.20
192.70
145.30
89.30
104.10
66.50
64.50
95.80
89.80
100.70
156.00
197.00
199.20
186.30
161.80
131.30
100.90
78.70
63.90
40.20
65.30
116.10
181.70
219.00
142.30
195.50
197.70
132.30
86.30
52.30
36.20
64.40
70.10
104.00
207.60
135.40
146.70
116.80
137.90
164.20
80.80
50.20
57.20
35.20
83.10
159.30
174.00
207.20
126.80
274.50
186.10
157.50
128.30
50.10
35.20
59.40
74.20
146.30
175.00
228.40
159.30
187.30
159.80
72.40
101.90
52.30
25.60
42.10
74.20
98.40
139.80
211.40
306.20
130.70
153.10
112.00
70.20
64.40
52.60
62.00
52.50
98.10
143.90
198.30
140.50
176.70
121.60
95.00
95.60
38.40
34.30
83.50
51.30
96.30
152.20
210.50
224.90
237.50
205.70
199.70
131.40
52.80
41.90
26.70
77.10
69.30
150.00
169.30
255.50
138.90
155.10
116.50
59.40
64.40
58.50
32.80
64.60
161.20
73.40
193.50
245.10
172.50
182.40
123.90
115.00
58.90
59.50
73.50
73.80
123.90
151.20
161.10
252.80
125.50
127.90
116.00
100.60
44.00
58.70
74.10
74.80
95.60
107.40
161.50
194.30
164.70
132.30
124.80
73.90
53.30
47.10
39.10
54.10
61.40
111.70
161.10
133.70
166.10
174.50
193.90
105.00
51.60
43.90
76.60
25.00
136.60
147.30
159.50
176.90
98.40
172.20
111.50
84.50
75.30
69.80
32.30
35.90
128.50
82.50
228.30
145.20
144.50
159.70
148.50
97.50
47.90
48.30
55.90
91.80
157.20
110.10
164.00
227.70
191.80
154.30
116.50
88.80
70.10
64.40
46.10
47.40
130.60
158.50
143.00
193.50
164.80
128.50
105.70
62.40
48.20
46.30
33.90
60.90
71.00
218.70
125.10
262.90
245.60
150.50
83.50
96.00
87.10
40.00
45.10
100.20
108.60
125.60
182.50
218.50
164.80
140.80
138.60
80.90
60.80
39.80
25.80
65.80
94.60
101.40
234.40
136.80
232.20
128.80
185.90
135.00
101.20
32.90
45.90
39.80
134.50
140.90
121.80
130.10
166.80
180.00
90.50
63.80
89.90
39.90
36.80
74.70
145.70
166.10
162.90
207.70
161.00
165.00
138.40
81.90
85.50
58.90
47.90
56.00
92.80
125.60
180.10
188.90
151.30
190.30
119.50
89.60
63.40
53.00
37.80
56.80
80.60
123.90
175.50
274.50
221.00
217.90
138.00
114.70
90.00
36.90
52.40
45.80
107.30
148.20
180.10
236.70
278.40
248.60
90.60
56.10
63.00
52.10
41.20
67.80
82.80
167.40
235.60
150.90
200.30
138.90
96.60
82.50
99.90
45.30
56.40
47.30
124.90
101.10
188.80
163.20
151.60
140.10
155.70
82.80
77.40
36.30
61.10
58.00
86.80
117.90
165.20
174.30
182.90
164.90
157.20
101.40
63.60
59.50
64.80
53.70
77.20
171.60
211.10
159.30
147.90
152.20
140.70
103.20
65.40
71.60
41.90
66.10
72.20
113.10
99.50
152.40
161.20
194.70
155.10
106.60
52.20
44.00
49.90
39.20
138.00
178.50
204.60
176.10
168.60
162.10
136.50
66.30
65.40
38.10
44.00
64.40
84.00
155.40
112.20
178.80
263.50
225.10
105.90
116.90
36.30
61.70
70.40
55.70
64.80
242.40
148.50
244.20
291.70
204.00
109.80
93.90
39.60
64.20
61.70
80.60
108.80
137.70
176.40
192.10
210.10
176.00
148.30
88.40
84.00
40.20
54.10
77.10
127.50
149.60
197.60
214.20
192.70
132.00
171.80
112.40
78.10
60.20
54.60
68.70
98.40
184.00
194.20
140.60
193.10
177.40
153.60
100.00
47.60
33.40
60.00
110.90
106.70
131.30
202.40
189.80
157.30
187.10
146.10
103.20
76.50
34.30
75.30
86.60
120.30
144.70
251.70
248.80
302.50
256.20
132.20
74.80
77.70
12.50
54.80
81.50
146.90
203.10
259.40
117.00
304.80
217.70
169.00
98.10
61.40
42.10
72.40
58.20
97.90
146.60
145.40
138.80
205.20
230.40
176.40
83.50
51.10
18.50
27.40
56.20
76.80
139.30
285.30
212.70
159.90
172.50
110.60
98.80
56.90
42.80
33.40
50.20
118.60
98.30
182.10
224.20
223.20
202.70
102.00
116.30
42.60
48.00
66.90
63.10
139.80
171.00
141.90
246.10
258.30
193.10
112.40
109.30
35.40
41.40
52.20
70.30
178.00
199.80
232.10
224.50
221.90
304.30
135.20
118.00
76.50
42.20
17.00
91.90
54.80
139.10
183.10
269.10
254.60
214.70
151.90
100.40
81.10
44.80
36.30
70.50
137.10
177.90
240.60
122.20
251.90
181.10
145.60
138.90
48.50
44.10
48.10
92.70
84.60
111.90
243.30
152.30
177.20
241.50
134.40
96.90
78.90
34.70
50.70
78.40
100.40
151.20
149.10
200.20
261.70
174.60
178.30
129.60
70.30
62.20
54.70
100.90
137.20
143.30
181.90
177.20
179.30
228.10
122.60
94.70
59.00
54.50
67.50
92.00
81.10
165.70
205.50
228.00
207.40
190.90
127.90
115.70
63.20
74.40
40.80
76.10
113.00
191.80
192.10
184.90
202.00
165.60
168.60
108.30
64.50
33.60
91.70
87.70
162.00
195.60
221.50
237.60
165.20
215.40
165.60
138.80
65.20
45.40
56.30
96.20
110.50
138.70
203.10
248.90
170.10
212.10
177.50
105.10
48.20
57.50
61.10
76.50
94.10
156.80
229.80
216.10
224.10
245.20
174.40
82.10
77.20
50.80
51.50
68.00
101.00
157.90
193.00
259.90
309.60
174.00
157.70
95.10
102.60
40.30
60.30
61.20
162.70
232.40
172.90
153.70
205.80
202.70
153.60
100.30
75.90
42.10
44.10
104.30
125.60
158.60
167.60
237.60
195.20
135.30
94.70
130.80
62.70
63.80
54.40
58.80
142.90
166.90
224.30
209.80
177.40
173.50
145.80
94.30
64.20
50.00
65.80
66.90
133.50
210.70
205.70
249.50
148.80
152.80
119.70
116.60
59.00
27.20
50.30
51.50
130.40
210.40
219.90
192.30
171.10
150.90
139.30
119.60
52.30
46.40
62.70
84.10
170.50
133.00
191.10
107.10
183.70
146.30
155.00
91.00
62.50
53.60
61.80
59.00
66.90
144.00
192.60
187.40
300.80
170.80
116.90
100.20
68.40
54.50
57.70
88.10
141.20
145.20
171.90
232.60
254.10
177.90
126.10
75.90
53.30
70.70
90.90
86.10
112.00
227.90
184.20
238.80
191.80
145.40
169.50
81.70
25.90
26.50
43.20
